	1	2	3	4	5	6	7	8	9	10	11	12	13	14	15	16	17	18	19	20	21	22	23	24	25	26	27	28	29	30	31	32	33	34	35	36	37	38	39	40
C14.0	0.34	0.38	0.36	0.22	0.37	1.7	0.35	0.34	0.22	1.38	0.26	0.44	0.32	0.34	0.35	0.24	1.21	0.3	1.3	0.38	3.24	0.6	0.38	0.44	0.47	0.64	0.52	0.49	0.4	0.61	3.19	2.26	0.6	0.54	0.39	2.92	0.63	0.36	0.64	0.4
C16.0	26.45	24.04	23.7	25.48	24.8	26.04	25.94	28.63	25.34	28.49	25.73	24.28	24.63	26.04	24.76	26.46	23.45	29.72	27	24.09	23.59	19.95	17.64	22.73	14.65	20.49	18.44	17.72	21.7	16.25	22.91	23.27	20.25	20.18	20.71	21.79	21.57	25.23	16.2	20.7
C18.0	10.22	9.93	8.96	8.14	9.63	6.59	9.68	9.95	8.81	5.63	8.3	8.63	9.99	9.81	9.38	10.97	5.59	8.95	5.72	8.22	2.68	3.18	6.99	4.71	4.29	2.71	5.21	6.02	6.12	4.55	3.6	1.68	3.09	4.51	6.41	3.56	3.97	10.33	5.77	7.4
C16.1n.9	0.35	0.55	0.55	0.49	0.46	0.66	0.36	0.29	0.44	0.9	0.43	0.53	0.45	0.35	0.54	0.31	0.67	0.45	0.81	0.6	1.11	1.21	0.74	0.75	0.66	1.09	0.87	0.58	0.78	0.61	0.99	1.5	1.18	0.71	0.71	1.23	0.82	0.45	0.67	0.63
C16.1n.7	3.1	2.54	2.65	2.82	2.85	7.26	3.6	3.27	2.36	7.01	2.74	3.33	2.39	2.36	2.47	2.81	6.31	2.86	7.86	3.89	13.09	4.89	2.58	2.27	2.88	4.05	3.37	3.77	2.07	5.42	13.9	10.38	3.66	3.55	2.18	10.66	5.14	1.59	4.1	2.72
C18.1n.9	16.98	20.07	22.89	21.92	21.38	28.23	17.62	17.02	18.39	36.68	21.75	23.86	17.93	20.14	19.66	14.69	33.84	17.79	33.5	24.61	35.61	35.91	21.23	25.1	23.15	38.32	32.04	21.04	22.49	21.43	33.55	41.23	36.59	24.82	24.09	38.27	25.53	16.49	25.12	19.97
C18.1n.7	2.41	3.92	3.96	2.52	2.96	8.99	2.15	1.99	1.81	8.85	2.64	3.02	3.49	2.33	4.02	1.88	8.56	2.01	9.88	3.89	11.41	4.58	2.85	1.91	2.85	5.07	3.76	1.77	1.82	2.22	10.64	15.03	4.75	3.77	1.83	11.55	3.18	1.53	2.11	3.13
C20.1n.9	0.26	0.23	0.26	0	0.3	0.36	0.25	0.31	0	0.21	0	0.26	0.27	0.26	0.22	0.31	0.47	0	0	0.27	0.37	0.3	0.26	0.38	0.45	0.26	0.42	0.65	0.44	0.25	0.3	0.2	0.36	0.39	0.4	0.38	0.33	0.37	0.21	0.4
C20.3n.9	0	0	0.19	0	0.27	2.89	0	0	0	2.03	0	0.2	0.21	0.22	0.19	0	2.54	0	2.13	0.27	0.22	0.07	0	0	0.07	0.07	0	0	0	0	0.07	0.23	0.07	0	0	0.33	0	0	0	0
C18.2n.6	8.93	14.98	16.06	13.89	14.55	3.47	8.73	7.75	15.65	2.31	12.64	15.02	15.74	15.53	15.65	9.38	2.77	11.89	3.56	13.54	5.65	21.1	33.14	22.65	40.02	21.52	23.93	13.84	22.05	14.75	5.45	2.79	22.93	31.31	23.09	5.6	12.6	18.25	21.06	27.33
C18.3n.6	0	0.3	0.27	0	0.27	2.66	0	0	0	0	0	0.23	0.28	0.3	0.47	0	5.07	0	0	0.24	0.17	0.41	0.66	0	0.85	0.28	0.32	0.09	0	0.12	0.18	0.14	0.31	0.46	0	0.18	0.08	0	0.21	0.43
C20.2n.6	0	0.3	0.33	0	0.23	0	0	0	0	0	0	0.21	0.36	0.19	0.35	0	0	0	0	0.23	0.05	0.31	0.61	0.27	0.83	0.32	0.09	0.12	0.24	0.1	0	0	0.33	0.54	0.24	0.07	0.11	0.26	0.13	0.59
C20.3n.6	0.78	1.64	1.51	1.1	1.58	0.81	0.68	0.72	1.07	0.59	1.05	1.32	1.64	1.37	1.6	0.78	0.67	1	0.82	1.44	0.2	0.53	0.74	0.38	1.04	0.35	0.64	0.22	0.47	0.22	0.4	0.11	0.41	0.73	0.4	0.26	0.17	0.57	0.14	0.89
C20.4n.6	3.07	15.34	13.27	3.92	11.85	5.09	2.57	2.64	4.23	3.67	3.75	10.3	15.76	11.76	15.07	3.12	3.87	3.83	4.96	10.6	1.55	2.98	8.67	1.27	4.72	1.85	4.76	1.39	1.87	1.52	2.97	0.75	2	5.47	1.9	1.83	0.96	3.02	1.84	11.18
C22.4n.6	0	0.58	0.54	0	0.32	0	0	0	0	0	0	0.27	0.72	0.31	0.66	0	0	0	0	0.31	0	0.18	0.65	0	0.73	0.14	0.26	0.11	0	0	0.07	0	0.17	0.6	0	0.05	0.06	0	0	0.63
C22.5n.6	0	2.1	1.77	0	0.44	0.56	0	0	0	0.39	0	0.29	2.52	0.45	1.89	0	0.43	0	0	0.36	0.17	0.08	0.98	0.21	1.13	0.07	0.19	0	0.19	0	0.38	0.07	0.07	0.95	0	0.17	0	0	0	1.62
C18.3n.3	5.97	0	0	0.49	0.42	0	8.4	6.01	0.55	0	0.43	0.53	0	0.54	0	6.22	0	0	0	0.43	0.09	1	0.1	1.16	0.14	1.17	1.16	21.5	1.31	21.62	0.07	0	1.31	0.17	1.45	0.07	18.11	0.71	14.39	0
C20.3n.3	0.37	0	0	0	0	0	0.42	0.39	0	0	0	0	0	0	0	0.37	0	0	0	0	0	0.07	0	0	0	0.07	0	0.64	0	0.48	0	0	0.07	0	0	0	0.52	0	0.24	0
C20.5n.3	8.62	0	0	2.99	0.3	0	7.37	7.96	3.13	0	2.9	0.25	0	0.23	0	9.48	0	2.79	0	0.35	0.15	0.25	0.09	2.17	0.07	0.16	0.3	4.1	2.65	3.86	0.18	0.07	0.2	0	2.82	0.13	2.66	2.91	2.31	0.13
C22.5n.3	1.75	0.48	0.22	1.04	0.35	2.13	2.05	2.33	1.65	0	1.16	0.43	0	0.45	0	2.01	2.58	1.08	0	0.31	0	0.24	0	2.04	0.06	0.15	0.28	1.94	2.16	1.55	0	0	0.23	0.21	1.8	0.3	1.27	1.64	0.98	0
C22.6n.3	10.39	2.61	2.51	14.99	6.69	2.56	9.84	10.4	16.36	1.86	16.21	6.61	3.27	7.04	2.71	10.96	1.99	17.35	2.44	5.97	0.64	2.16	1.7	11.56	0.91	1.22	3.44	4.02	13.26	4.45	1.16	0.28	1.41	1.11	11.57	0.64	2.29	16.28	3.87	1.83
